v 20110115 2
C 40000 40000 0 0 0 title-B.sym
C 47200 44400 1 0 0 pot-1.sym
{
T 48000 45300 5 10 0 0 0 0 1
device=VARIABLE_RESISTOR
T 47800 44800 5 10 1 1 0 0 1
refdes=R?
T 48000 45900 5 10 0 0 0 0 1
footprint=none
}
C 48300 44400 1 0 0 pot-1.sym
{
T 49100 45300 5 10 0 0 0 0 1
device=VARIABLE_RESISTOR
T 48900 44800 5 10 1 1 0 0 1
refdes=R?
T 49100 45900 5 10 0 0 0 0 1
footprint=none
}
C 49500 44400 1 0 0 pot-1.sym
{
T 50300 45300 5 10 0 0 0 0 1
device=VARIABLE_RESISTOR
T 50100 44800 5 10 1 1 0 0 1
refdes=R?
T 50300 45900 5 10 0 0 0 0 1
footprint=none
}
C 50700 44400 1 0 0 pot-1.sym
{
T 51500 45300 5 10 0 0 0 0 1
device=VARIABLE_RESISTOR
T 51300 44800 5 10 1 1 0 0 1
refdes=R?
T 51500 45900 5 10 0 0 0 0 1
footprint=none
}
C 51500 43100 1 0 0 speaker-1.sym
{
T 53500 45600 5 10 0 0 0 0 1
device=SPEAKER
T 52100 45100 5 10 1 1 0 0 1
refdes=SPK?
}
C 51200 43300 1 0 0 ground.sym
N 51500 43800 51400 43800 4
N 51400 43800 51400 43600 4
C 49500 43700 1 0 0 ground.sym
N 51500 45000 47700 45000 4
N 48100 44500 48100 44000 4
N 48100 44000 51600 44000 4
N 51600 44500 51600 44000 4
N 50400 44500 50400 44000 4
N 49200 44500 49200 44000 4
C 52000 47000 1 90 0 connector13-2.sym
{
T 46300 47700 5 10 1 1 90 6 1
refdes=CONN?
T 46350 47300 5 10 0 0 90 0 1
device=CONNECTOR_13
T 46150 47300 5 10 0 0 90 0 1
footprint=SIP13N
}
N 48800 47000 48800 45600 4
N 48800 45600 47200 45600 4
N 47200 45600 47200 44500 4
N 50000 47000 50000 45400 4
N 50000 45400 48300 45400 4
N 48300 45400 48300 44500 4
N 50400 47000 50400 45200 4
N 50400 45200 49500 45200 4
N 49500 45200 49500 44500 4
N 50700 44500 50700 46800 4
N 50800 46800 50700 46800 4
N 50800 47000 50800 46800 4
